5
101
0.413793
0.433333
0.5
0.408034
0.239521
0.402985
0.278846
0.316832
0.278689
0.274038
0.37963
0.296552
0.233813
0.213592
0.25
0.232258
0.205882
0.349138
0.265487
0.272727
0.246512
0.279387
0.285714
0.316832
0.272517
0.21118
0.289091
0.138211
0.330709
0.315508
0.35
0.339806
0.333333
0.296791
0.247312
0.209386
0.235955
0.213675
0.225434
0.260317
0.285714
0.3125
0.311475
0.258786
0.274667
0.259259
0.246154
0.21645
0.16632
0.236364
0.269231
0.22314
0.236025
0.176471
0.197492
0.285714
0.217742
0.262411
0.180905
0.182456
0.266254
0.203966
0.184023
0.298887
0.20915
0.164539
0.241107
0.215232
0.203252
0.233974
0.207709
0.2749
0.249135
0.231667
0.205
0.197802
0.24
0.29375
0.294643
0.162544
0.212629
0.202632
0.188976
0.283333
0.195035
0.250896
0.177453
0.20354
0.21223
0.225564
0.174359
0.202073
0.165563
0.284382
0.166667
0.256039
0.241935
0.189189
0.166667
0.135447
0.179372
0.172093
0.125828
0.142612
0.142349
0.0957096
0.183333
0.254743
0.176301
0.169935
0.176322
0.14717
0.154122
0.158416
0.183784
0.135
0.158954
0.175
0.125356
0.207407
0.165939
0.142553
0.166667
0.0987654
0.163265
0.167116
0.212534
0.191358
0.258741
0.157676
0.154696
0.202128
0.127358
0.162562
0.19378
0.163934
0.157692
0.17931
0.241546
0.185654
0.25
0.15047
0.132275
0.182768
0.210084
0.207792
0.174528
0.173745
0.20331
0.20362
0.128319
0.19573
0.185751
0.166667
0.136719
0.138829
0.175824
0.190709
0.152416
0.189911
0.2
0.0888889
0.203822
0.135699
0.109195
0.16
0.238462
0.143885
0.146252
0.130081
0.182728
0.134078
0.173913
0.192857
0.176471
0.115207
0.124792
0.108911
0.191176
0.19084
0.154426
0.134884
0.123711
0.0340909
0.120172
0.0916667
0.146396
0.121372
0.0958606
0.141892
0.057554
0.123188
0.0854093
0.0940171
0.128824
0.160714
0
0
0.110032
0.00767754
0.074199
0.0738255
0
0.0995792
0.104317
0.0768049
0.0689655
0.0497238
0.0584485
0.0825688
0.056391
0.0360656
0.0177778
0.0246914
0.0343137
0.0175439
0.0378378
0.0142857
0.0114286
0
0.0357143
0.0571429
0.0642202
0.0687023
0.0562249
0.0578947
0.113772
0.0666667
0.0948276
0.0510204
0.072
0.052381
0.0794702
0.0594059
0.0947712
0.0671463
0.0617761
0.0747126
0.13986
0.0529801
0.0594059
0.0537313
0.0559701
0.0511628
0.125
0.0909091
0.0530973
0.0517241
0.0809249
0.0877193
0.0576923
0.0631579
0.0526316
0.0588235
0.084507
0.0650888
0.0555556
0.077381
0.0734266
0.0714286
0.0582524
0.0670391
0.0701754
0.0552632
0
0
0
0
0
0
0
0
0
0
0
0
0
0
0
0
0
0
0
0
0
0
0
0
0
0
0
0
0
0
0
0
0
0
0
0
0
0
0
0
0
0
0
0
0
0
0
0
0
0
0
0
0
0
0
0
0
0
0
0
0
0
0
0
0
0
0
0
0
0
0
0
0
0
0
0
0
0
0
0
0
0
0
0
0
0
0
0
0
0
0
0
0
0
0
0
0
0
0
0
0
0
0
0
0
0
0
0
0
0
0
0
0
0
0
0
0
0
0
0
0
0
0
0
0.418605
0.401709
0.5
0.395349
0.306818
0.371429
0.42
0.416667
0.311594
0.125
0.395833
0.243243
0.293651
0.30303
0.363636
0.378641
0.231707
0.198582
0.214286
0.206107
0.16129
0.252066
0.216495
0.205882
0.215311
0.105263
0.221198
0.234375
0.212766
0.269841
0.22093
0.224138
0.237288
0.264706
0.285714
0.232704
0.278261
0.243902
0.27027
0.235294
0.225
0.141026
0.105263
0.23125
0.138298
0.152941
0.214634
0.209524
0.156716
0.19697
0.166667
0.283333
0.179104
0.138298
0.171123
0.207792
0.112676
0.166667
0.228972
0.186567
0.206897
0.190184
0.195364
0.155797
0.244361
0.184818
0.19697
0.194332
0.185185
0.131579
0.139738
0.240602
0.162162
0.179331
0.155556
0.117284
0.190476
0.218543
0.227273
0.156522
0.169381
0.150838
0.25
0.196262
0.21875
0.0915493
0.191781
0.22807
0.231076
0.238095
0.235955
0.253165
0.209677
0.208333
0.254386
0.307263
0.2
0.213592
0.316667
0.134752
0.0882353
0.12766
0.20339
0.158076
0.177778
0.232143
0.21097
0.136612
0.167331
0.186441
0.176829
0.163399
0.119048
0.0989011
0.05
0.141026
0.16996
0.135266
0.103261
0.181818
0.160714
0.123596
0.0754717
0.261538
0.141304
0.187097
0.12963
0.178218
0.115942
0.134021
0.113208
0.152709
0.13245
0.113636
0.168605
0.0625
0.0689655
0.113043
0.157895
0.133333
0.214286
0.151316
0.178082
0.12987
0.2
0.0948905
0.11236
0.0902256
0.153846
0.125
0.171717
0.185185
0.182927
0.0619469
0.17931
0.112299
0.137931
0.156977
0.0638298
0.107914
0.109091
0.0714286
0.157895
0.196891
0.121622
0.174419
0.0857143
0.122093
0.104167
0.079096
0.147132
0.153333
0.0967742
0.0943396
0.0754717
0.079646
0.144033
0.127517
0.134146
0.154762
0.177966
0.147059
0.104478
0.116279
0.0331126
0.0738636
0.0995261
0.133005
0.0714286
0.0909091
0.0588235
0.0808081
0.0769231
0.107143
0.0541516
0.101852
0.0689655
0.0322581
0.0216606
0.0162162
0.073913
0.0452489
0.0185185
0.0880282
0
0.087108
0.00684932
0
0.0101604
0
0
0
0
0.0571429
0.0454545
0
0
0
0
0
0.0588235
0
0
0
0
0
0
0
0
0
0
0
0
0
0
0
0
0
0
0
0
0
0
0
0
0
0
0
0
0
0
0
0
0
0
0
0
0
0
0
0
0
0
0
0.0211268
0.0165289
0.0735294
0.0215054
0.0102564
0.0180723
0.0212766
0.00869565
0.0604027
0.0153846
0.008
0.00378788
0
0.0446927
0.0252874
0.0289116
0.037234
0.00869565
0.038835
0.0615385
0.0271739
0.0142857
0.046729
0.0432099
0.00657895
0.0571429
0.0222603
0.0719424
0.010989
0.045977
0.0472441
0.0104167
0.0105263
0.0345821
0.03125
0
0.0185676
0.0601093
0.00775194
0.0614035
0.0634921
0.0299625
0
0
0
0
0
0
0
0
0
0
0
0
0
0.0813008
0.0555556
0.0869565
0.0774648
0.0628571
0.0491803
0.0576923
0.0673077
0.0367647
0.134328
0.121387
0.0169492
0.0610687
0.0625
0.0659722
0
0
0
0
0
0
0
0
0
0
0
0
0
0
0
0
0
0
0
0
0
0
0
0
0
0
0
0
0
0
0
0
0
0
0
0
0
0
0
0
0
0
0
0
0
0
0
0
0
0
0
0
0
0
0.458716
0.445585
0.5
0.439842
0.232759
0.31068
0.3
0.269663
0.340764
0.142241
0.290909
0.408696
0.254826
0.397163
0.343137
0.315385
0.364286
0.31982
0.286957
0.333333
0.370558
0.315904
0.325
0.280374
0.24714
0.310078
0.245833
0.198347
0.3125
0.252747
0.25974
0.242718
0.18018
0.255
0.228916
0.207965
0.342975
0.385542
0.292929
0.310811
0.34466
0.264151
0.29
0.205534
0.167832
0.241611
0.217016
0.210784
0.257919
0.219298
0.237288
0.185714
0.25
0.265766
0.220126
0.165746
0.202899
0.29661
0.222717
0.186441
0.244068
0.203209
0.179661
0.221034
0.265101
0.220246
0.232456
0.252841
0.232323
0.165385
0.212806
0.251046
0.223729
0.220521
0.216216
0.184848
0.192308
0.248227
0.25
0.162698
0.210818
0.216092
0.25
0.157068
0.26259
0.270627
0.19869
0.174825
0.220036
0.229167
0.216749
0.258706
0.196078
0.221662
0.263374
0.216704
0.126904
0.126582
0.12381
0.120787
0.274419
0.190731
0.205674
0.213147
0.294821
0.25
0.175043
0.197015
0.232877
0.183007
0.164516
0.133739
0.15859
0.165605
0.213018
0.139665
0.123932
0.170561
0.106918
0.133758
0.168
0.162637
0.0705882
0.105882
0.123762
0.178363
0.164306
0.120603
0.145985
0.139159
0.0818182
0.139037
0.158442
0.134409
0.170667
0.142222
0.129412
0.150307
0.0899471
0.15534
0.16
0.195364
0.102564
0.0590406
0.121951
0.17561
0.146667
0.126214
0.165049
0.151351
0.162562
0.161826
0.18239
0.142222
0.194872
0.0980861
0.147368
0.156962
0.177778
0.105263
0.0737705
0.221239
0.120301
0.161905
0.12766
0.139785
0.123457
0.115903
0.127615
0.113527
0.141643
0.097973
0.0820896
0.160714
0.168421
0.099631
0.102439
0.0766962
0.0363636
0.121739
0.114964
0.125
0.131902
0.153061
0.097166
0.118393
0.052381
0.154195
0.0712831
0.114286
0.0775194
0.0703518
0.0769231
0.0879121
0.0683761
0.13125
0.145833
0.144186
0.0812721
0.0987395
0.0722222
0.0731183
0.150171
0.0513219
0.0438596
0.0448029
0
0
0
0
0
0
0
0.0492958
0.0342466
0.00729927
0
0
0
0
0.0381471
0
0
0
0
0
0
0
0
0
0
0
0
0
0
0
0
0
0
0
0
0
0
0
0
0
0
0
0
0
0
0
0
0
0
0
0
0
0
0
0
0
0
0
0.072973
0.0714286
0.0654762
0.0869565
0.0571429
0.0555556
0.0535714
0.112299
0.049505
0.0695652
0.0597826
0.0696203
0.0594059
0.0775194
0.0688406
0.0522388
0.0797872
0.0594315
0.0695187
0.0678466
0.0629921
0.0888889
0.0623557
0.107362
0.0659898
0.0580645
0.0748588
0.0862069
0.0829493
0.0588235
0.0649351
0.0560224
0.0569801
0.0615385
0.0591716
0.0629921
0.0682303
0.0394366
0.0648649
0.0465116
0.0622318
0.0700809
0.101036
0.119522
0.0986745
0.0688259
0.0505618
0.0716418
0.0541401
0.0637584
0.0609756
0.0532787
0.174757
0.151786
0.202703
0
0
0
0
0
0
0
0
0
0
0
0
0
0
0
0
0
0
0
0
0
0
0
0
0
0
0
0
0
0
0
0
0
0
0
0
0
0
0
0
0
0
0
0
0
0
0
0
0
0
0
0
0
0
0
0
0
0
0
0
0
0
0
0
0
0
0
0
0
0.5
0.5
0.42623
0.496241
0.5
0.382716
0.375
0.414414
0.374074
0.5
0.31
0.397959
0.445596
0.376
0.432099
0.410714
0.376068
0.419162
0.401961
0.43125
0.402439
0.417453
0.402439
0.459016
0.451524
0.410256
0.350254
0.434783
0.416667
0.263158
0.305825
0.305556
0.34127
0.418301
0.455446
0.47343
0.314433
0.260417
0.344595
0.370213
0.315068
0.346774
0.373333
0.375
0.242254
0.293233
0.281159
0.254335
0.375661
0.20297
0.378531
0.3
0.423423
0.224359
0.338983
0.296651
0.339286
0.349057
0.330049
0.330882
0.306878
0.267361
0.276074
0.269643
0.359649
0.264402
0.299539
0.30855
0.290323
0.353414
0.31117
0.302439
0.309764
0.27069
0.245399
0.320359
0.284091
0.285141
0.192982
0.376106
0.265273
0.313107
0.302752
0.310734
0.403292
0.374016
0.260081
0.238994
0.308621
0.336
0.248521
0.379518
0.208333
0.367688
0.320197
0.237952
0.361111
0.346154
0.291667
0.34384
0.277457
0.272912
0.198113
0.207589
0.214575
0.30897
0.207819
0.264516
0.287449
0.157534
0.138047
0.212454
0.238298
0.161765
0.152941
0.227545
0.24263
0.299742
0.201087
0.282609
0.24569
0.205817
0.282609
0.221622
0.261438
0.25
0.218935
0.297872
0.225
0.29108
0.209756
0.224181
0.221289
0.206061
0.185864
0.216981
0.234234
0.177606
0.205882
0.293413
0.25
0.205128
0.203488
0.233645
0.235294
0.157895
0.108527
0.208889
0.16442
0.247368
0.159574
0.244275
0.117057
0.211268
0.191781
0.187621
0.270115
0.325
0.215827
0.294964
0.186992
0.188034
0.191176
0.228643
0.2
0.193548
0.202128
0.248042
0.217703
0.18845
0.23486
0.183562
0.263736
0.142857
0.180952
0.100372
0.101818
0.176471
0.2625
0.242188
0.148289
0.103448
0.141007
0.240385
0.191257
0.183333
0.047619
0.128655
0.18022
0.19375
0.208333
0.14878
0.116162
0.128
0.136054
0.114754
0
0
0.0846906
0
0.117871
0.0296804
0
0.128981
0.029304
0.128342
0.0857143
0.0621762
0
0.0989011
0.100917
0.075188
0
0.0603448
0.0530303
0
0.0564516
0.0555556
0.0613497
0
0
0
0
0
0
0
0
0
0
0
0
0
0
0
0
0
0
0
0
0
0
0
0
0
0
0
0
0
0
0
0
0
0
0
0
0
0
0
0
0
0
0
0
0
0
0
0
0
0
0
0
0
0
0
0
0
0
0
0
0
0
0
0
0
0
0
0
0
0
0
0
0
0
0
0
0
0
0
0
0
0
0
0
0
0
0
0
0
0
0
0
0
0
0
0
0
0
0
0
0
0
0
0
0
0
0
0
0
0
0
0
0
0
0
0
0
0
0
0
0
0
0
0.061008
0.0881226
0.0619469
0.168224
0.171779
0.0726783
0.130435
0.0591133
0.059761
0.0843373
0.0604651
0.137566
0.062201
0.0594059
0.0866142
0.0873494
0.0842697
0.0981013
0.056872
0.0742574
0.109155
0.0633803
0.0898204
0.0612245
0.0679612
0.110092
0.0827586
0.0951049
0.05
0.0567227
0.0595238
0.101911
0.114754
0.0720721
0.126214
0.0822511
0.149746
0.0731707
0.118421
0.0527578
0.0932476
0.0561798
0.0795107
0.0859031
0.0623145
0.0526316
0.5
0.5
0.493671
0.5
0.411215
0.361111
0.418919
0.348485
0.296875
0.31405
0.308824
0.336634
0.386667
0.321839
0.230769
0.280374
0.317647
0.391534
0.385714
0.359649
0.361345
0.419872
0.337079
0.389831
0.402174
0.344828
0.37037
0.378788
0.232877
0.342593
0.321739
0.285714
0.378049
0.261029
0.254902
0.291892
0.31746
0.313725
0.368
0.244444
0.229358
0.263889
0.238095
0.335135
0.417021
0.217054
0.223969
0.331034
0.299296
0.263441
0.318182
0.247191
0.25641
0.231343
0.286344
0.224
0.289157
0.291262
0.25816
0.240838
0.268482
0.316406
0.288248
0.229798
0.238636
0.26327
0.208054
0.239819
0.326923
0.282051
0.207885
0.251497
0.274112
0.205628
0.209091
0.251082
0.298507
0.329412
0.198276
0.210526
0.267857
0.285714
0.227723
0.279661
0.257895
0.270642
0.262032
0.287234
0.231454
0.273504
0.173913
0.243478
0.301205
0.285714
0.217143
0.212245
0.290076
0.311688
0.171875
0.301158
0.311321
0.266169
0.288288
0.251366
0.184049
0.176829
0.252688
0.137097
0.159091
0.280702
0.210117
0.211957
0.163158
0.174194
0.234043
0.217391
0.241279
0.21865
0.2
0.192308
0.222973
0.199413
0.283333
0.17
0.255814
0.216667
0.173729
0.239437
0.211538
0.271605
0.190184
0.199324
0.23166
0.196262
0.167347
0.178771
0.214724
0.276923
0.208633
0.301282
0.0847458
0.182243
0.225
0.185654
0.259259
0.111111
0.359223
0.223881
0.293893
0.255172
0.180095
0.195266
0.194553
0.196629
0.197279
0.188235
0.175439
0.240964
0.22439
0.238806
0.211765
0.206349
0.142857
0.209877
0.183673
0.309735
0.202532
0.191419
0.219895
0.190635
0.212727
0.189189
0.275862
0.138614
0.192308
0.312139
0.27451
0.271493
0.223214
0.060241
0.150685
0.168539
0.180527
0.16129
0.213415
0.189922
0.187919
0.114286
0.137313
0.0824742
0.111111
0.167235
0.206612
0.179104
0.16188
0.131148
0
0
0.144487
0.0827068
0.141753
0
0
0.163373
0.134146
0.107143
0.0892857
0.0749064
0
0.046875
0.04
0.0444444
0.0846154
0.0135135
0
0
0
0
0
0
0
0
0
0
0
0
0
0
0
0
0
0
0
0
0
0
0
0
0
0
0
0
0
0
0
0
0
0
0
0
0
0
0
0
0
0
0
0
0
0
0
0
0
0
0
0
0
0
0
0
0
0
0
0
0
0
0
0
0
0
0
0
0
0
0
0
0
0
0
0
0
0
0
0
0
0
0
0
0
0
0
0
0
0
0
0
0
0
0
0
0
0
0
0
0
0
0
0
0
0.08125
0.1
0.0860215
0.0535714
0.102662
0.0638298
0.0730594
0.0727273
0.0534351
0.062201
0.0873016
0.0865385
0.0273438
0.0310078
0.0345821
0.107595
0.0845771
0.0592593
0.0811688
0.0614035
0.1375
0.103774
0.0865801
0
0
0
0
0
0
0
0
0
0
0
0
0
0
0
0
0
0
0
0
0
0
0
0
0
0
0
0
0
0
0
0
0
0
0
0
0
0
0
0
0
0
0
0
0
0
