gene_id	time_1	time_1	time_2	time_2	time_3	time_3	time_4	time_4
mut_1	1001	0	861	140	999	2	1001	0
mut_2	1001	0	845	156	995	6	1001	0
mut_3	1001	0	836	165	992	9	1001	0
mut_4	1001	0	855	146	994	7	1001	0
mut_5	1001	0	851	150	999	2	1001	0
mut_6	1001	0	858	143	996	5	1001	0
mut_7	1001	0	841	160	998	3	1001	0
mut_8	1001	0	834	167	992	9	1001	0
mut_9	1001	0	849	152	996	5	1001	0
mut_10	1001	0	865	136	996	5	1001	0
mut_11	1001	0	856	145	998	3	1001	0
mut_12	862	139	745	256	819	182	1001	0
mut_13	835	166	763	238	801	200	1001	0
mut_14	803	198	717	284	815	186	1001	0
mut_15	815	186	759	242	819	182	1001	0
mut_16	847	154	742	259	807	194	1001	0
mut_17	820	181	740	261	829	172	1001	0
mut_18	815	186	755	246	829	172	1001	0
mut_19	857	144	757	244	804	197	1001	0
mut_20	832	169	773	228	839	162	1001	0
mut_21	846	155	762	239	832	169	1001	0
mut_22	829	172	762	239	826	175	1001	0
mut_23	882	119	797	204	1001	0	1001	0
mut_24	867	134	815	186	1001	0	1001	0
mut_25	871	130	808	193	1001	0	1001	0
mut_26	863	138	807	194	1001	0	1001	0
mut_27	867	134	807	194	1001	0	1001	0
mut_28	849	152	820	181	1001	0	1001	0
mut_29	861	140	806	195	1001	0	1001	0
mut_30	861	140	812	189	1001	0	1001	0
mut_31	862	139	801	200	1001	0	1001	0
mut_32	848	153	819	182	1001	0	1001	0
mut_33	850	151	790	211	1001	0	1001	0
mut_34	858	143	791	210	1001	0	1001	0
mut_35	861	140	820	181	1001	0	1001	0
mut_36	858	143	796	205	1001	0	1001	0
mut_37	848	153	810	191	1001	0	1001	0
mut_38	856	145	804	197	1001	0	1001	0
mut_39	863	138	818	183	1001	0	1001	0
mut_40	844	157	806	195	1001	0	1001	0
mut_41	866	135	801	200	1001	0	1001	0
mut_42	873	128	801	200	1001	0	1001	0
mut_43	868	133	818	183	1001	0	1001	0
mut_44	878	123	838	163	1001	0	1001	0
mut_45	875	126	813	188	1001	0	1001	0
mut_46	863	138	829	172	1001	0	1001	0
mut_47	866	135	811	190	1001	0	1001	0
mut_48	848	153	829	172	1001	0	1001	0
mut_49	865	136	800	201	1001	0	1001	0
mut_50	969	32	825	176	993	8	1001	0
mut_51	980	21	856	145	992	9	1001	0
mut_52	978	23	843	158	997	4	1001	0
mut_53	980	21	856	145	994	7	1001	0
mut_54	975	26	844	157	995	6	1001	0
mut_55	964	37	865	136	999	2	1001	0
mut_56	732	269	1001	0	709	292	812	189
mut_57	736	265	1001	0	695	306	819	182
mut_58	529	472	565	436	547	454	797	204
mut_59	522	479	606	395	521	480	827	174
mut_60	539	462	606	395	526	475	818	183
mut_61	507	494	625	376	548	453	814	187
mut_62	529	472	578	423	534	467	802	199
mut_63	511	490	591	410	555	446	803	198
mut_64	530	471	627	374	540	461	838	163
mut_65	510	491	606	395	519	482	796	205
mut_66	565	436	606	395	510	491	823	178
mut_67	517	484	624	377	549	452	821	180
mut_68	532	469	617	384	548	453	809	192
mut_69	512	489	595	406	534	467	833	168
mut_70	507	494	622	379	534	467	819	182
mut_71	507	494	608	393	559	442	810	191
mut_72	530	471	594	407	538	463	827	174
mut_73	512	489	634	367	560	441	804	197
mut_74	521	480	614	387	546	455	828	173
mut_75	530	471	588	413	527	474	822	179
mut_76	515	486	611	390	529	472	819	182
mut_77	520	481	629	372	521	480	814	187
mut_78	523	478	615	386	544	457	813	188
mut_79	530	471	615	386	515	486	820	181
mut_80	502	499	603	398	543	458	807	194
mut_81	528	473	612	389	552	449	821	180
mut_82	500	501	579	422	547	454	805	196
mut_83	517	484	594	407	537	464	830	171
mut_84	545	456	600	401	566	435	820	181
mut_85	527	474	634	367	538	463	824	177
mut_86	537	464	615	386	521	480	826	175
mut_87	507	494	614	387	510	491	820	181
mut_88	528	473	620	381	546	455	810	191
mut_89	739	262	1001	0	725	276	1001	0
mut_90	731	270	1001	0	721	280	1001	0
mut_91	736	265	1001	0	756	245	1001	0
mut_92	975	26	992	9	937	64	1001	0
mut_93	981	20	991	10	920	81	1001	0
mut_94	961	40	988	13	933	68	1001	0
mut_95	968	33	995	6	918	83	1001	0
mut_96	964	37	991	10	940	61	1001	0
mut_97	1001	0	956	45	908	93	1001	0
mut_98	1001	0	961	40	894	107	1001	0
mut_99	1001	0	962	39	911	90	1001	0
mut_100	1001	0	971	30	895	106	1001	0
